1000
44
59
73
10
94
27
25
63
8
20
0
7
37
94
25
20
14
49
16
39
57
4
32
1
89
24
88
7
81
52
54
43
62
4
18
18
5
28
28
20
79
36
53
98
89
84
43
50
75
53
2
66
86
69
86
86
89
58
75
29
63
12
15
57
42
68
50
62
99
68
95
96
7
63
0
62
78
15
41
57
94
24
55
25
81
37
74
64
2
26
83
32
60
48
75
90
4
87
50
98
50
82
57
52
56
99
74
90
17
51
12
84
92
90
81
1
16
16
27
85
76
59
62
14
7
60
84
53
23
46
82
76
37
1
27
13
52
61
1
30
52
80
26
28
10
70
98
87
17
81
78
32
95
97
37
92
75
25
69
72
31
46
14
96
29
62
54
78
10
12
86
68
87
26
94
71
48
77
42
42
68
4
83
86
11
93
86
44
93
40
18
65
11
2
74
1
90
63
96
34
55
49
97
86
87
38
44
82
48
22
53
95
62
32
78
88
36
20
58
12
28
30
32
6
42
74
73
60
57
15
46
59
8
94
47
51
60
85
21
32
75
75
14
19
74
57
66
95
3
64
8
51
4
19
36
22
90
55
70
78
75
16
84
25
66
6
93
18
17
23
1
76
87
98
53
21
51
36
7
74
31
32
94
39
58
97
82
81
22
82
8
92
2
16
80
10
11
33
17
43
48
97
42
94
59
88
33
43
95
77
84
93
19
33
89
43
34
7
31
11
52
83
57
66
64
63
74
7
23
84
57
27
67
15
17
42
87
20
47
69
29
54
93
94
90
97
88
67
67
61
9
76
98
57
14
46
50
99
87
75
70
38
46
56
66
30
94
73
65
98
81
96
54
14
44
18
59
8
57
19
1
28
1
5
30
6
25
40
35
96
64
11
99
92
23
41
91
32
46
42
64
21
76
75
9
88
80
23
53
3
61
86
54
52
41
75
84
79
44
33
98
76
89
3
92
83
90
55
35
74
78
83
65
2
54
71
93
60
99
19
82
94
43
92
25
65
11
11
72
32
93
17
8
59
67
33
62
0
15
91
57
55
55
70
82
7
9
86
32
47
48
10
21
52
17
35
49
96
7
60
20
88
69
81
79
31
13
44
48
88
46
63
25
45
5
61
46
38
7
78
7
79
41
75
31
99
25
53
25
97
32
89
32
57
20
10
13
15
95
82
51
45
95
72
47
79
83
61
47
23
99
82
36
34
86
47
30
35
6
63
66
44
28
24
29
84
1
40
58
53
78
9
76
44
44
67
48
39
83
2
18
47
64
99
42
50
46
60
77
21
99
37
19
55
54
93
95
47
58
14
14
80
1
83
7
58
15
31
47
10
33
23
55
88
42
14
21
51
29
30
34
19
60
85
47
25
91
13
54
12
30
41
96
55
70
2
66
91
56
77
13
92
34
75
26
67
97
23
2
83
1
76
52
11
97
80
9
21
73
56
30
83
69
38
25
83
86
75
6
13
58
98
56
45
31
29
10
32
25
64
10
73
35
6
22
75
74
86
5
59
41
88
63
66
36
27
95
4
37
88
39
53
65
39
1
96
9
88
0
92
56
78
71
25
41
43
82
27
68
3
4
10
64
82
22
67
53
4
54
51
12
8
18
56
84
13
96
90
2
3
1
54
33
61
86
87
44
96
44
25
14
75
51
93
61
31
69
17
84
46
39
12
12
52
71
74
35
70
16
76
77
17
31
71
27
39
14
9
16
60
94
86
80
73
88
46
69
89
59
12
34
89
92
62
57
52
87
17
68
13
80
20
68
80
66
26
52
88
67
97
54
6
76
38
89
41
65
18
45
46
64
22
24
41
98
85
20
41
96
28
74
94
54
10
79
29
98
34
80
15
25
37
42
15
81
87
8
25
97
81
45
25
28
92
59
22
67
88
62
6
55
24
25
59
75
40
39
30
68
9
67
84
71
81
28
4
48
67
62
71
2
36
32
75
79
25
19
17
30
5
77
95
36
80
89
78
60
48
54
31
12
7
34
82
30
4
30
1
34
61
83
15
75
96
74
56
57
86
59
0
40
82
45
65
9
70
6
97
77
3
67
32
97
63
79
16
68
61
77
58
8
95
57
93
6
40
8
83
12
19
51
90
79
84
81
59
90
80
2
94
53
74
1
81
60
10
35
66
82
89
51
28
37
27
73
32
52
62
72
60
46
67
90
6
78
58
1
63
34
80
84
34
33
50
35
82
33
4
63
7
71
50
21
72
69
76
28
86
93
49
95
32
62
79
47
69
10
51
51
96
